-40.000 -6.000 51.000
40.000 -8.000 52.000
-19.000 35.000 42.000
20.000 31.000 44.000
-18.000 47.000 -13.000
17.000 48.000 -14.000
-34.000 33.000 35.000
37.000 33.000 34.000
-32.000 50.000 -10.000
32.000 53.000 -11.000
-49.000 13.000 19.000
49.000 15.000 21.000
-47.000 30.000 14.000
49.000 30.000 14.000
-37.000 31.000 -12.000
40.000 32.000 -12.000
-48.000 -8.000 14.000
52.000 -6.000 15.000
-6.000 5.000 61.000
8.000 0.000 62.000
-9.000 15.000 -12.000
8.000 16.000 -11.000
-6.000 49.000 31.000
8.000 51.000 30.000
-6.000 54.000 -7.000
7.000 52.000 -7.000
-6.000 37.000 -18.000
7.000 36.000 -18.000
-36.000 7.000 3.000
38.000 6.000 2.000
-5.000 35.000 14.000
7.000 37.000 16.000
-6.000 -15.000 42.000
7.000 -9.000 40.000
-6.000 -43.000 25.000
6.000 -42.000 22.000
-26.000 -21.000 -10.000
28.000 -20.000 -10.000
-22.000 -16.000 -21.000
24.000 -15.000 -20.000
-24.000 -1.000 -17.000
26.000 1.000 -18.000
-8.000 -79.000 6.000
15.000 -73.000 9.000
-7.000 -80.000 27.000
13.000 -79.000 28.000
-16.000 -68.000 -5.000
15.000 -67.000 -4.000
-18.000 -84.000 28.000
23.000 -81.000 31.000
-33.000 -81.000 16.000
36.000 -80.000 19.000
-37.000 -78.000 -8.000
37.000 -82.000 -8.000
-32.000 -40.000 -20.000
33.000 -39.000 -20.000
-43.000 -23.000 49.000
40.000 -25.000 53.000
-24.000 -60.000 59.000
25.000 -59.000 62.000
-44.000 -46.000 47.000
45.000 -46.000 50.000
-57.000 -34.000 30.000
57.000 -32.000 34.000
-45.000 -61.000 36.000
45.000 -60.000 39.000
-8.000 -56.000 48.000
9.000 -56.000 44.000
-9.000 -25.000 70.000
6.000 -32.000 68.000
-12.000 11.000 9.000
14.000 12.000 9.000
-25.000 4.000 2.000
27.000 5.000 2.000
-19.000 0.000 0.000
20.000 0.000 0.000
-12.000 -18.000 8.000
12.000 -18.000 8.000
-43.000 -19.000 10.000
45.000 -17.000 10.000
-54.000 -21.000 7.000
57.000 -22.000 7.000
-41.000 15.000 -20.000
47.000 15.000 -17.000
-57.000 -34.000 -2.000
56.000 -37.000 -1.000
-37.000 15.000 -34.000
43.000 15.000 -32.000
-51.000 -28.000 -23.000
53.000 -31.000 -22.000
-36.000 -67.000 -29.000
37.000 -67.000 -30.000
-29.000 -73.000 -38.000
32.000 -69.000 -40.000
-9.000 -37.000 -19.000
12.000 -34.000 -19.000
-15.000 -43.000 -17.000
17.000 -43.000 -18.000
-23.000 -59.000 -22.000
25.000 -58.000 -24.000
-33.000 -60.000 -43.000
35.000 -64.000 -47.000
-26.000 -55.000 -48.000
25.000 -56.000 -49.000
-11.000 -49.000 -46.000
9.000 -49.000 -46.000
-23.000 -34.000 -42.000
26.000 -34.000 -41.000
1.000 -39.000 -20.000
1.000 -40.000 -11.000
1.000 -52.000 -6.000
1.000 -67.000 -15.000
1.000 -72.000 -25.000
1.000 -64.000 -34.000
1.000 -55.000 -35.000
0.000 -46.000 -32.000
